3 0.278125 0.26805599999999996 0.2875 0.23472200000000001 0.382031 0.043056 0.403125 0.005556 0.371875 0.004167 0.283594 0.188889 0.282812 0.176389 0.277344 0.14305600000000002 0.263281 0.097222 0.23906200000000002 0.088889 0.13281199999999999 0.10555600000000001 0.089062 0.063889 0.010938 0.083333 0 0.06944399999999999 0.005469 0.24444400000000002 0.053125 0.25 0.057811999999999995 0.26805599999999996 0.104688 0.263889 0.167188 0.25833300000000003 0.217188 0.295833 0.23203100000000002 0.311111 0.244531 0.305556 0.285156 0.4125 0.35025288906249996 0.5230831484375 0.346094 0.486111 0.373438 0.498611 0.371875 0.479167 0.292969 0.301389 0.269531 0.28055599999999997 0.278125 0.26805599999999996
3 0.109375 0.608333 0.134375 0.526389 0.151562 0.473611 0.167188 0.4625 0.19531199999999999 0.423611 0.184375 0.375 0.078125 0.668056 0.10078100000000001 0.683333 0.115625 0.627778 0.109375 0.608333
3 0.538281 0.051389 0.534375 0.091667 0.542188 0.10555600000000001 0.553906 0.063889 0.538281 0.051389
3 0.553125 0.20694400000000002 0.56875 0.2 0.584375 0.056943999999999995 0.565625 0.056943999999999995 0.5609379999999999 0.119444 0.5609379999999999 0.144444 0.553125 0.17222200000000001 0.553125 0.20694400000000002
3 0.355469 0.788889 0.321875 0.772222 0.303125 0.766667 0.270312 0.776389 0.265625 0.808333 0.265625 0.822222 0.265625 0.844444 0.30625 0.891667 0.383594 0.938889 0.882812 0.933333 0.498438 0.7569440000000001 0.43125 0.733333 0.382031 0.754167 0.355469 0.788889
3 0.192188 0.534722 0.165625 0.5694440000000001 0.173438 0.6319440000000001 0.18984399999999998 0.684722 0.23046899999999998 0.706944 0.24375 0.719444 0.220312 0.7166669999999999 0.20468799999999998 0.693056 0.171875 0.697222 0.167188 0.7125 0.171875 0.747222 0.186719 0.770833 0.2 0.784722 0.210938 0.794444 0.22343799999999997 0.8125 0.2625 0.859722 0.26875 0.854167 0.260156 0.770833 0.303125 0.766667 0.364062 0.780556 0.423438 0.748611 0.417969 0.726389 0.360938 0.636111 0.296875 0.5916669999999999 0.23046899999999998 0.540278 0.192188 0.534722
2 0 0.077778 0.010938 0.083333 0.085052090625 0.0648870109375 0.08203099999999999 0.0625 0.23906200000000002 0.088889 0.263281 0.097222 0.277344 0.14305600000000002 0.282812 0.176389 0.283594 0.188889 0.371875 0.004167 0 0 0 0.004167 0 0.077778
2 0.534375 0.091667 0.544531 0.054167 0.4 0.056943999999999995 0.400781 0.029167 0.396875 0.019444 0.296875 0.22777799999999998 0.288281 0.24583300000000002 0.272656 0.272222 0.301562 0.319444 0.371875 0.479167 0.395312 0.55 0.371875 0.636111 0.42109399999999997 0.733333 0.433594 0.725 0.8875 0.933333 0.9992190000000001 0.9666669999999999 0.988281 0.033333 0.8617190000000001 0.026389000000000003 0.8601559999999999 0 0.601562 0.018056 0.596875 0.054167 0.584375 0.056943999999999995 0.56875 0.2 0.553125 0.20694400000000002 0.553125 0.1792726421875 0.550781 0.197222 0.552344 0.17222200000000001 0.55625 0.154167 0.5609379999999999 0.119444 0.558594 0.10138899999999999 0.5609379999999999 0.065278 0.553906 0.063889 0.542188 0.10555600000000001 0.534375 0.091667
2 0.371875 0.493056 0.34843799999999997 0.494444 0.352344 0.540278 0.402344 0.554167 0.371875 0.493056
2 0.184375 0.375 0.19531199999999999 0.423611 0.182031 0.530556 0.23046899999999998 0.540278 0.371875 0.636111 0.395312 0.552778 0.34843799999999997 0.494444 0.35047786875 0.5234653312499999 0.285156 0.4125 0.244531 0.305556 0.23203100000000002 0.311111 0.213281 0.301389 0.184375 0.375
2 0.163281 0.7166669999999999 0.171875 0.697222 0.16875 0.613889 0.17286073125 0.627326146875 0.165625 0.5694440000000001 0.182031 0.530556 0.192969 0.423611 0.176562 0.46527799999999997 0.151562 0.473611 0.134375 0.526389 0.109375 0.608333 0.115625 0.627778 0.10078100000000001 0.683333 0.163281 0.7166669999999999
2 0.213281 0.301389 0.167188 0.25833300000000003 0.12448012500000001 0.26212955937500004 0.096094 0.272222 0.057811999999999995 0.26805599999999996 0.052344 0.319444 0.0023439999999999997 0.311111 0.0045954312499999995 0.6697616671875 0.10078100000000001 0.683333 0.078125 0.668056 0.213281 0.301389
2 0.290625 0.869444 0.2625 0.859722 0.22343799999999997 0.8125 0.210938 0.794444 0.2 0.784722 0.186719 0.770833 0.171875 0.747222 0.163281 0.7166669999999999 0.10703100000000002 0.693056 0.026562000000000002 0.677778 0.00625 0.933333 0.383594 0.938889 0.290625 0.869444